2021-01-10,30.356800000153793,4.4,0.4,7.4,3.2716146269005324,0.48044977359257257,4.958900288708875,false,0,0,-6.0,10.0,-5.0,-9.0,-3.0,3.0,3.151,6.564,-6.894,-3.956,-6.483,4.884,13
2021-01-10,33.36250000017652,27.3,37.2,36.9,14.090620478677339,18.04821899048393,17.931684660375574,true,2,3,0.0,8.0,-9.0,7.0,5.0,-1.0,3.016,-6.208,3.236,-2.255,-2.314,3.127,1384
2021-01-10,34.477100000168726,13.0,13.800000000000002,12.4,7.783137122039472,8.164005133385446,7.494408267134057,false,0,0,-9.0,10.0,1.0,7.0,-2.0,-3.0,0.352,-6.052,-6.668,-0.255,-2.536,2.171,334
2021-01-11,50.0,15.099999999999998,5.199999999999999,22.4,8.773675300559686,3.7394064681238106,12.02813834640073,false,0,0,6.0,2.0,3.0,-10.0,-8.0,4.0,1.218,0.622,6.441,1.631,0.889,-1.975,745
2021-01-12,24.05540000010615,35.8,0.3,11.699999999999998,17.5027553083111,0.3816778909618176,7.153995940865493,true,1,3,-2.0,9.0,6.0,0.0,6.0,-7.0,-2.084,-4.695,-4.762,5.3,4.174,-5.739,40
2021-01-13,20.04440000007583,32.4,46.1,53.6,16.159800993179527,21.426968951945813,24.173071229171818,false,0,0,-4.0,-2.0,9.0,9.0,-4.0,8.0,3.669,-3.201,-1.174,-2.8,6.827,1.314,620
2021-01-14,41.48689999995674,19.9,1.5000000000000002,30.5,10.941640996054415,1.3831618672225916,15.397133363893476,false,0,0,19.0,17.0,6.0,-24.0,-24.0,-8.0,2.338,-6.255,-3.851,-6.196,-0.024,-0.264,67
2021-01-15,37.66630000007228,64.7,54.8,63.39999999999999,28.101106736522723,24.605061041272712,27.648489278070848,true,2,3,-25.0,-23.0,-22.0,7.0,5.0,8.0,-1.443,-6.748,5.138,-5.333,6.963,3.41,3
2021-01-16,15.34200000004028,81.1,73.5,53.10000000000001,33.66795076219413,31.11930371847933,23.992506264170707,true,2,3,4.0,13.0,-24.0,-5.0,-5.0,-13.0,0.765,5.889,-5.814,-0.59,5.4,3.51,48
2021-01-17,16.746600000050897,55.6,64.0,55.5,24.892002347272356,27.857618025475983,24.856180070221775,true,1,3,-3.0,13.0,-11.0,-8.0,19.0,25.0,-4.073,3.771,-4.804,-5.927,3.97,-2.966,25
2021-01-18,35.476800000138496,20.7,89.0,47.599999999999994,11.292140584308237,36.26703114965799,21.98292925028868,true,2,3,25.0,18.0,-13.0,-23.0,20.0,-10.0,4.65,4.47,3.214,-4.05,-6.957,5.256,20
2021-01-19,16.245000000047106,75.9,29.7,25.3,31.929595794129312,15.073189511285063,13.258561790054793,false,0,0,-25.0,15.0,21.0,-12.0,24.0,13.0,1.408,5.744,1.682,-6.996,-1.822,5.143,12
2021-01-20,50.0,31.4,113.6,135.1,15.7595465897721,44.086199855318185,50.64356610001537,false,0,0,-3.0,-11.0,-13.0,24.0,23.0,-21.0,3.252,-1.421,5.169,-6.454,2.09,-5.014,8
2021-01-21,48.86209999973371,9.2,35.5,46.4,5.902422071379745,17.38531974308415,21.538446928455368,true,1,2,14.0,10.0,-8.0,-18.0,25.0,-13.0,6.559,-1.517,-4.635,6.334,-3.279,-1.187,2
2021-01-22,21.924400000090042,108.7,140.6,105.5,42.55823763831036,52.28634167387874,41.55296017029787,true,2,3,-12.0,12.0,-4.0,-16.0,24.0,2.0,-4.364,-5.781,-1.436,0.74,-6.288,-3.303,9
2021-01-23,21.057200000083483,61.1,49.20000000000001,37.1,26.843118474856926,22.572106059118596,18.00939517137246,true,1,3,-19.0,4.0,6.0,4.0,5.0,-23.0,-6.789,-1.827,6.439,-0.181,-1.16,5.562,6
2021-01-24,25.49180000011701,26.9,15.099999999999998,58.4,13.925212266977793,8.773675300559686,25.88989431992563,false,0,0,-1.0,-24.0,17.0,-6.0,-10.0,-3.0,-5.594,-3.094,1.134,-3.294,4.615,-6.019,34
2021-01-25,50.0,8.2,100.9,37.1,5.383330977671217,40.09709716883537,18.00939517137246,false,0,0,-5.0,-10.0,13.0,8.0,21.0,-25.0,5.665,5.019,6.144,6.925,-6.681,-6.045,27
2021-01-27,19.747500000073583,138.1,103.29999999999998,86.1,51.54124950493109,40.85829664384482,35.31852200940784,true,1,2,19.0,11.0,-1.0,-2.0,-2.0,-23.0,-5.348,-1.853,0.855,0.622,-4.104,-4.801,25
2021-01-28,28.49170000013969,50.99999999999999,43.9,78.3,23.230370739754015,20.604952428758157,32.73477872865779,false,0,0,-25.0,12.0,9.0,-15.0,4.0,24.0,-0.41,5.737,3.014,-3.448,-5.106,-6.719,120
2021-01-29,50.0,33.5,8.1,123.4,16.597238914310296,5.330746311754014,47.10338605379152,false,0,0,3.0,10.0,-20.0,1.0,14.0,-21.0,-3.33,-6.565,-6.64,1.81,4.967,4.535,73
2021-01-30,17.389400000055755,15.5,105.9,12.4,8.959120100900968,41.67894987065685,7.494408267134057,true,1,3,-10.0,-15.0,-10.0,5.0,0.0,-16.0,-5.911,-6.161,-6.688,6.456,1.888,-6.492,84
2021-01-31,44.15869999987595,74.0,101.8,32.0,31.28854557705816,40.38296684407936,16.000000000000004,true,2,3,23.0,7.0,-18.0,22.0,-1.0,10.0,6.017,-2.008,-5.754,0.998,5.06,0.395,135
2021-02-01,16.86310000005178,33.7,15.9,74.3,16.676462096162762,9.143610116276095,31.389980868589,false,0,0,-11.0,16.0,-21.0,6.0,17.0,16.0,6.783,3.766,0.057,4.779,5.971,-5.444,37
2021-02-02,20.320200000077914,2.2,26.4,35.8,1.87904917005244,13.717758140687126,17.5027553083111,false,0,0,-4.0,24.0,21.0,20.0,-13.0,-11.0,1.231,-5.093,3.376,-2.395,-5.974,6.812,43
2021-02-03,18.608300000064972,102.9,31.8,43.300000000000004,40.731677809630256,15.919949874568587,20.379349485106363,false,0,0,-7.0,-25.0,21.0,13.0,-11.0,23.0,-3.257,2.307,-6.414,-5.328,5.114,-1.891,123
2021-02-04,40.5921999999838,41.8,17.9,90.49999999999999,19.812579646153896,10.052693115286292,36.755206186522535,true,1,3,17.0,18.0,9.0,4.0,-25.0,-5.0,6.253,4.103,1.91,5.017,-0.708,-1.185,80
2021-02-05,18.240300000062188,86.4,144.8,98.40000000000002,35.41693659623084,53.532170126420525,39.3003192890911,true,1,2,-20.0,19.0,3.0,-25.0,-20.0,-9.0,1.56,-0.755,1.719,-6.027,-6.141,-0.045,81
2021-02-06,21.610100000087666,29.4,142.5,42.89999999999999,14.951262425901895,52.850839658440435,20.228600325973577,false,0,0,5.0,-12.0,-11.0,18.0,13.0,8.0,5.259,-6.763,-0.451,-1.393,-2.318,-2.646,41
2021-02-07,30.023700000151273,18.0,45.1,47.4,10.097596309015797,21.05432068386986,21.90900595168456,false,0,0,21.0,12.0,19.0,-22.0,-17.0,23.0,1.179,-0.93,4.013,0.598,4.292,3.84,24
2021-02-08,15.584600000042112,35.2,0.3,92.3,17.267685524782255,0.3816778909618176,37.33888635459739,false,0,0,-16.0,23.0,-3.0,7.0,14.0,4.0,5.571,2.998,-6.061,6.547,-3.189,-0.968,8
2021-02-09,32.604400000170784,124.50000000000001,40.0,82.3,47.4389951381916,19.127049995800743,34.06590007462244,true,1,3,-24.0,2.0,12.0,-17.0,7.0,9.0,-6.474,6.511,2.606,5.682,-4.476,-6.656,11
2021-02-10,18.734900000065927,149.5,23.9,21.2,54.91777761736255,12.668299455722622,11.509824158567984,true,1,2,-9.0,23.0,-12.0,-7.0,5.0,0.0,6.597,5.327,-2.126,-1.966,-2.455,5.079,14
2021-02-11,16.184200000046648,22.1,4.7,33.9,11.899091906397889,3.4488816082714764,16.755591299742605,false,0,0,17.0,13.0,-17.0,7.0,7.0,-23.0,-6.858,-5.208,-2.122,2.339,-6.665,-3.737,32
2021-02-12,50.0,21.4,28.6,45.1,11.596609114019834,14.624897349572606,21.05432068386986,false,0,0,21.0,-10.0,11.0,-22.0,21.0,25.0,6.945,2.057,-5.881,3.316,-6.752,-3.14,28
2021-02-13,45.92869999982242,103.5,38.5,49.0,40.9215692744809,18.551053743785832,22.498670948012276,true,2,3,12.0,-15.0,-22.0,-16.0,-10.0,21.0,-3.664,2.994,2.025,-5.319,3.378,1.063,7
2021-02-14,27.625500000133144,24.5,22.8,14.5,12.92209315380064,12.199664224375878,8.493650798878608,true,2,3,-24.0,-8.0,17.0,23.0,-10.0,11.0,-6.564,-6.394,2.304,3.337,4.748,-3.233,6
2021-02-15,20.108900000076314,126.9,63.3,124.6,48.16918492878761,27.61359608817519,47.469475578995336,true,1,3,12.0,-15.0,-3.0,9.0,24.0,23.0,-2.983,3.507,6.923,-4.119,6.169,1.928,25
2021-02-16,38.750500000039494,104.2,90.49999999999999,50.10000000000001,41.142831320570515,36.755206186522535,22.90182968948675,true,1,2,-25.0,16.0,13.0,-16.0,7.0,20.0,-5.519,-0.08,-1.331,5.546,-1.434,5.17,27
2021-02-17,60.0,51.2,82.2,34.9,23.303221798733833,34.03278217297261,17.14985061994464,false,0,0,20.0,13.0,-23.0,20.0,-19.0,-23.0,3.562,-1.726,-0.866,1.044,-2.308,1.58,77
2021-02-18,16.39790000004826,60.1,141.4,96.1,26.491074719748234,52.52420982188767,38.56370128359783,true,1,3,-8.0,20.0,-14.0,-25.0,22.0,16.0,2.602,-4.721,-3.333,-4.878,-1.547,5.856,83
2021-02-19,26.066100000121352,58.7,37.5,101.8,25.996236601984563,18.164565511255848,40.38296684407936,false,0,0,1.0,10.0,11.0,-15.0,-25.0,16.0,0.31,-6.522,0.101,0.178,3.674,0.164,35
2021-02-20,36.006900000122464,74.8,68.0,25.8,31.558857927595344,29.242003864203046,13.46777228825687,true,1,3,23.0,-15.0,-3.0,1.0,6.0,-16.0,0.846,-0.858,-5.816,-4.991,-4.928,5.113,5
2021-02-21,29.78640000014948,32.0,36.2,78.6,16.000000000000004,17.659030490663074,32.83507683087689,false,0,0,16.0,-8.0,-14.0,24.0,-7.0,-8.0,6.221,2.824,6.807,-6.814,2.018,5.342,40
2021-02-23,60.0,31.1,76.3,33.0,15.638975929940921,32.064142530245405,16.398765361701578,false,0,0,-18.0,22.0,-10.0,-22.0,1.0,5.0,-5.127,-6.447,-0.401,-3.648,4.487,-6.825,32
2021-02-24,31.876600000165283,13.4,58.29999999999999,99.2,7.974139678642215,25.854422634226577,39.555723980180666,true,2,3,-22.0,-16.0,16.0,-21.0,16.0,22.0,2.055,1.288,-1.246,-6.005,-4.231,1.015,64
2021-02-25,15.327800000040172,108.80000000000001,91.7,72.9,42.58955636793469,37.144581408153634,30.915909167907234,true,1,2,-21.0,8.0,16.0,18.0,9.0,-10.0,4.559,0.379,3.286,-5.505,0.016,-4.235,102
2021-02-26,15.83690000004402,29.6,94.0,40.79999999999999,15.032574638538478,37.88805253381191,19.432475573476633,true,1,2,13.0,6.0,7.0,-25.0,5.0,24.0,2.734,-0.923,-2.228,-4.001,-0.247,3.374,7
2021-02-27,18.349400000063014,42.6,9.0,46.2,20.115353971164744,5.799546134795289,21.464144353329807,true,1,3,23.0,-18.0,-13.0,-8.0,0.0,23.0,0.157,-5.541,-0.713,3.602,1.856,4.63,28
2021-02-28,21.985000000090498,110.3,140.7,149.1,43.058650050173476,52.31608996630006,54.80019637410149,false,0,0,-24.0,11.0,1.0,25.0,-15.0,-11.0,0.579,2.102,-2.423,-4.66,1.119,-2.536,32
2021-03-01,27.60800000013301,76.9,103.9,48.7,32.26569853905151,41.04804124687702,22.38840574233471,true,1,2,-25.0,-11.0,25.0,19.0,22.0,-11.0,5.769,-0.058,5.502,-5.659,0.681,-4.153,86
2021-03-02,44.63789999986145,38.6,98.60000000000001,92.4,18.589591385941294,39.364209269426496,37.371245914921175,false,0,0,-17.0,23.0,-17.0,-18.0,25.0,15.0,3.051,-4.917,2.374,1.743,4.979,-3.283,8
2021-03-03,35.381200000141384,24.9,14.7,33.4,13.090597740415461,8.587245276881243,16.55759187135049,false,0,0,19.0,7.0,2.0,-3.0,-21.0,9.0,-1.445,3.706,0.341,6.113,-6.873,-0.153,22
2021-03-05,28.699800000141266,69.4,117.3,71.6,29.722653346490365,45.23123122429687,30.47406698576891,true,2,3,14.0,11.0,21.0,-17.0,-5.0,11.0,-2.699,-6.952,-0.924,3.043,6.287,6.095,6
2021-03-06,22.123100000091544,108.5,122.0,125.8,42.495582883852805,46.675380232846635,47.834860622547566,true,1,3,12.0,-11.0,-8.0,-25.0,0.0,14.0,-2.193,-5.166,5.95,-4.302,-0.259,-0.874,18
2021-03-07,53.11029999960524,44.7,13.9,71.8,20.904800075718615,8.211298503050829,30.542146458781048,true,1,3,-25.0,-7.0,9.0,-10.0,18.0,23.0,6.347,1.293,-6.628,-2.129,0.788,5.645,14
2021-03-08,46.23659999981311,77.5,66.8,19.8,32.46694026789543,28.828441860862995,10.897632351267923,false,0,0,-25.0,23.0,5.0,-1.0,-3.0,-20.0,-3.707,-0.787,-4.236,-1.232,2.964,0.674,24
2021-03-09,28.792800000141966,80.1,56.0,118.9,33.33542626368492,25.03516289842348,45.7241334591251,true,1,2,22.0,-22.0,-13.0,18.0,19.0,21.0,4.99,3.825,4.55,5.054,1.084,-6.012,23
2021-03-10,16.312500000047617,15.400000000000002,107.7,76.6,8.912849571105546,42.244732324913464,32.16496000394976,true,1,3,-9.0,-12.0,15.0,-24.0,-24.0,-25.0,-0.589,-4.154,1.679,2.834,-6.206,-5.477,2
2021-03-11,33.736600000179344,28.2,12.4,60.9,14.46103198375588,7.494408267134057,26.772802490258965,false,0,0,-6.0,-10.0,-17.0,20.0,24.0,1.0,-6.232,-3.665,-3.582,6.081,1.969,-3.803,70
2021-03-12,20.577200000079856,32.0,25.3,34.7,16.000000000000004,13.258561790054793,17.0711815026303,true,2,3,-16.0,12.0,16.0,25.0,1.0,-20.0,4.567,4.691,-2.153,3.005,5.346,-4.978,8
2021-03-13,15.790200000043667,26.6,56.2,28.4,13.800833275600633,25.10666642561441,14.54302236625179,true,1,2,6.0,23.0,-24.0,17.0,6.0,-15.0,2.747,2.029,-0.453,2.723,-0.978,3.528,26
2021-03-14,16.35670000004795,62.50000000000001,27.4,19.0,27.334051848581957,14.131896571355798,10.543938903738733,false,0,0,5.0,25.0,2.0,1.0,-9.0,-6.0,-3.935,-0.516,6.672,2.261,1.545,1.48,5
2021-03-17,15.43200000004096,49.5,110.5,34.5,22.682146917836317,43.12109914994525,16.992421647613526,true,1,2,-1.0,-7.0,-20.0,7.0,15.0,9.0,-0.314,-2.412,-0.921,-1.023,-4.197,4.048,6
2021-03-20,33.988000000181245,77.0,119.2,32.0,32.299260572778856,45.81640449353909,16.000000000000004,true,1,2,-25.0,13.0,15.0,-10.0,-23.0,-12.0,-4.768,-6.323,-6.231,6.767,2.902,-1.498,11
2021-03-21,60.0,2.9,98.8,23.399999999999995,2.343788388261312,39.428073336142894,12.455830392277285,false,0,0,-21.0,10.0,22.0,23.0,-10.0,18.0,-5.032,-6.06,2.138,3.929,4.311,-2.69,9
2021-03-22,16.681500000050406,144.8,119.49999999999999,93.9,53.532170126420525,45.90862909443487,37.85580395092351,true,1,3,21.0,-2.0,23.0,25.0,-12.0,-2.0,-5.109,1.656,-3.411,6.227,4.644,-5.461,46
2021-03-23,22.369300000093403,78.9,14.3,44.10000000000001,32.93529839867013,8.399797763727275,20.68001605434544,true,1,3,16.0,-18.0,-14.0,-11.0,-25.0,25.0,3.013,-5.308,-1.741,-4.172,0.837,-2.88,57
2021-03-24,38.07870000005981,127.7,106.0,69.1,48.41196579956952,41.7104324131816,29.61982156311876,true,1,2,25.0,21.0,-14.0,-3.0,20.0,-24.0,6.017,-2.61,0.27,2.686,-6.763,-5.614,4
2021-03-25,27.599400000132945,83.5,9.9,17.2,34.46269054836009,6.259046177631968,9.736945911688805,true,2,3,13.0,-6.0,-25.0,-11.0,-8.0,13.0,1.639,2.704,-4.193,3.105,-6.393,-6.873,12
2021-03-26,16.104500000046045,113.1,86.60000000000001,40.0,43.930898312227605,35.482508347735845,19.127049995800743,true,1,2,10.0,9.0,-1.0,-23.0,-17.0,13.0,-1.369,-3.722,2.644,-2.924,-4.51,-0.221,21
2021-03-27,23.833100000104473,71.0,111.3,95.6,30.269599790850275,43.37067001867406,38.40310270910687,true,1,2,22.0,-11.0,7.0,15.0,-10.0,-16.0,0.989,-5.478,-0.718,-0.128,-5.585,-4.09,15
2021-03-28,24.5908000001102,41.1,12.000000000000002,46.300000000000004,19.54670044903303,7.300372102718469,21.501303664935516,true,1,3,12.0,-24.0,1.0,24.0,-18.0,-16.0,2.438,-4.727,3.992,-4.811,4.919,3.932,1
2021-03-29,28.240000000137787,7.8,73.7,18.6,5.172204432754366,31.18702800709682,10.36597973249757,true,1,2,3.0,22.0,15.0,-22.0,-9.0,-13.0,-4.678,-5.298,-6.366,-2.495,0.374,3.058,60
2021-03-30,22.16130000009183,62.4,46.2,23.799999999999997,27.29905866061607,21.464144353329807,12.625877333911406,false,0,0,20.0,-4.0,-9.0,-23.0,7.0,-24.0,-2.168,2.884,1.071,-6.472,-0.75,1.594,11
2021-03-31,21.129900000084035,18.7,85.9,53.5,10.41054067260498,35.25287418833998,24.13698528215752,true,2,3,-21.0,23.0,-10.0,-21.0,20.0,-8.0,-4.083,-1.04,-0.074,2.199,-1.921,-6.53,21
2021-04-01,28.733500000141518,19.3,149.8,16.0,10.676916522548908,55.00592225869528,9.18958683997628,true,2,3,-5.0,0.0,6.0,-24.0,-21.0,-13.0,-4.188,-0.71,-2.067,3.937,-4.298,-3.549,10
2021-04-02,16.439800000048578,132.3,79.4,10.6,49.80212515407571,33.10216521527896,6.610658038626088,false,0,0,-24.0,-1.0,-1.0,6.0,-12.0,8.0,1.858,6.765,-1.34,-5.451,6.581,5.033,51
2021-04-03,31.726200000164145,10.199999999999998,67.3,13.2,6.410326311275863,29.000938435871582,7.878783105227243,true,2,3,-9.0,-5.0,19.0,-6.0,-3.0,11.0,-4.528,6.588,-4.143,3.714,-2.931,3.777,39
2021-04-04,37.04430000009109,22.0,40.9,44.5,11.855998744839987,19.470569136957035,20.82993951111918,true,1,2,3.0,3.0,10.0,17.0,-24.0,-3.0,-6.466,-6.604,6.572,1.746,5.473,2.673,23
2021-04-05,22.66230000009562,33.4,76.1,70.6,16.55759187135049,31.996886842463756,30.133096391927552,false,0,0,22.0,24.0,-21.0,20.0,-23.0,-8.0,1.149,6.219,5.97,3.393,-5.298,0.871,7
2021-04-06,16.676400000050368,34.0,115.6,47.7,16.795120867813488,44.70604668162616,22.019867594598356,false,0,0,23.0,-25.0,-16.0,5.0,-1.0,-23.0,5.86,5.736,0.882,-0.413,-0.867,-2.685,40
2021-04-07,29.246900000145402,59.8,54.6,118.1,26.38523382246908,24.53319518980892,45.47784928711522,false,0,0,23.0,11.0,8.0,-25.0,-17.0,23.0,3.717,4.675,-4.537,0.782,6.461,4.7,30
<<<<<<< HEAD
2021-04-08,15.19260000003915,87.39999999999999,52.4,58.29999999999999,35.744493386501574,23.739142618795725,25.854422634226577,true,1,3,-1.0,20.0,21.0,21.0,10.0,-12.0,-3.859,5.986,4.988,-5.306,-6.269,-4.806,4
2021-04-09,20.431200000078753,37.1,136.3,15.8,18.00939517137246,51.00311304512729,9.097575523411322,false,0,0,24.0,-25.0,20.0,12.0,-4.0,-18.0,1.039,-2.692,-3.26,2.737,-0.608,1.577,14
2021-04-10,57.87489999946116,26.0,22.299999999999997,44.3,13.551228811604872,11.985161497602911,20.755011625623236,true,2,3,-8.0,10.0,-17.0,-8.0,25.0,-9.0,-4.594,4.902,4.209,-5.755,-1.706,-0.829,17
2021-04-11,17.778400000058696,93.7,43.699999999999996,23.2,37.791286168035406,20.529820376638376,12.370589277953814,true,2,3,-10.0,12.0,7.0,-19.0,10.0,5.0,0.043,-5.525,-1.632,5.808,1.431,-5.119,13
2021-04-13,60.0,118.6,34.6,21.000000000000004,45.63181585056783,17.031812956620964,11.42287530066645,false,0,0,2.0,-23.0,14.0,4.0,23.0,-16.0,-2.751,-5.236,-1.556,-5.659,5.181,-3.164,8
2021-04-14,51.224899999662256,19.9,20.5,143.9,10.941640996054415,11.204773679915084,53.265822207628794,false,0,0,-19.0,23.0,-25.0,-21.0,25.0,-23.0,-6.908,4.909,6.04,-4.127,-6.288,6.137,26
2021-04-15,15.679400000042829,89.9,79.0,148.4,36.56013185739158,32.96868864070247,54.59427722816322,true,1,2,-16.0,23.0,-16.0,-1.0,18.0,-17.0,3.263,2.673,4.27,-3.017,-1.349,5.983,3
2021-04-17,16.697400000050525,1.6,80.3,16.8,1.4564513624208644,33.40199727215054,9.555368174955818,true,2,3,-10.0,8.0,8.0,-4.0,-25.0,9.0,-3.84,-6.42,4.088,3.668,2.913,6.27,29
2021-04-18,57.27789999947921,67.1,36.9,42.7,28.93197066861077,17.931684660375574,20.153120424657875,false,0,0,25.0,-25.0,0.0,-11.0,-6.0,14.0,-4.498,-4.468,-1.444,-4.43,3.098,2.798,83
2021-04-19,33.08790000017444,132.8,19.5,20.2,49.95264165258894,10.765338474569583,11.073402741300399,true,1,3,-10.0,-2.0,-10.0,20.0,-24.0,16.0,-4.058,-1.764,-4.883,-2.913,-6.428,-1.769,8
2021-04-20,15.569900000042002,41.3,54.3,140.9,19.622757703096937,24.425297586806213,52.375573869807546,true,2,3,-4.0,6.0,25.0,-23.0,25.0,14.0,4.134,3.441,-5.177,-4.235,2.962,-5.265,15
2021-04-21,17.666800000057854,48.5,61.1,30.800000000000004,22.314820147928312,26.843118474856926,15.518172429399103,false,0,0,-4.0,-9.0,15.0,18.0,18.0,-3.0,3.344,5.572,3.271,4.797,-6.616,-2.007,16
2021-04-22,60.0,3.4000000000000004,23.2,5.8,2.661847272995918,12.370589277953814,4.0807726032956,false,0,0,19.0,0.0,-25.0,-22.0,9.0,-25.0,4.53,2.933,-1.071,1.109,-0.768,4.641,66
2021-04-23,15.22040000003936,84.2,26.7,74.0,34.69362446235997,13.842323960648006,31.28854557705816,false,0,0,10.0,1.0,22.0,-20.0,-15.0,-10.0,-2.577,-5.121,6.951,0.451,-3.11,-4.201,21
2021-04-24,16.200300000046767,112.4,52.5,121.7,43.71324519861303,23.775378673303724,46.58353721168588,true,1,3,12.0,7.0,-7.0,5.0,18.0,-13.0,-4.431,-4.588,5.911,4.368,-3.543,-2.129,57
2021-04-25,60.0,11.2,55.7,13.2,6.908351366093639,24.927811740921413,7.878783105227243,false,0,0,8.0,-13.0,23.0,16.0,-22.0,11.0,5.297,-5.527,-6.183,-0.02,6.625,0.863,5
=======
>>>>>>> 3f5dc5d280da602a6bf90ee00726ea81fb061b52
